000000000000000000000000000000000000000000000000000000000000000000000000000000000000000000000000000000000000000000000000000000000000000000000000000000000000000000000000000000000000000000000000000000000000000000000000000000000000000000000000000000000000000000000000000000000000000000000000000000000000
000000000000000000000000000000000000000000000000000000000000000000000000000000000000000000000000000000000000000000000000000000000000000000000000000000000000000000000000000000000000000000000000000000000000000000000000000000000000000000000000000000000000000000000000000000000000000000000000000000000000
000000000000000000000000000000000000000000000000000000000000000000000000000000000000000000000000000000000000000000000000000000000000000000000000000000000000000000000000000000000000000000000000000000000000000000000000000000000000000000000000000000000000000000000000000000000000000000000000000000000000
000000000000000000000000000000000000000000000000000000000000000000000000000000000000000000000000000000000000000000000000000000000000000000000000000000000000000000000000000000000000000000000000000000000000000000000000000000000000000000000000000000000000000000000000000000000000000000000000000000000000
000000000000000000000000000000000000000000000000000000000000000000000000000000000000000000000000000000000000000000000000000000000000000000000000000000000000000000000000000000000000000000000000000000000000000000000000000000000000000000000000000000000000000000000000000000000000000000000000000000000000
000000000000000000000000000000000000000000000000000000000000000000000000000000000000000000000000000000000000000000000000000000000000000000000000000000000000000000000000000000000000000000000000000000000000000000000000000000000000000000000000000000000000000000000000000000000000000000000000000000000000
000000000000000000000000000000000000000000000000000000000000000000000000000000000000000000000000000000000000000000000000000000000000000000000000000000000000000000000000000000000000000000000000000000000000000000000000000000000000000000000000000000000000000000000000000000000000000000000000000000000000
000000000000000000000000000000000000000000000000000000000000000000000000000000000000000000000000000000000000000000000000000000000000000000000000000000000000000000000000000000000000000000000000000000000000000000000000000000000000000000000000000000000000000000000000000000000000000000000000000000000000
000000000000000000000000000000000000000000000000000000000000000000000000000000000000000000000000000000000000000000000000000000000000000000000000000000000000000000000000000000000000000000000000000000000000000000000000000000000000000000000000000000000000000000000000000000000000000000000000000000000000
000000000000000000000000000000000000000000000000000000000000000000000000000000000000000000000000000000000000000000000000000000000000000000000000000000000000000000000000000000000000000000000000000000000000000000000000000000000000000000000000000000000000000000000000000000000000000000000000000000000000
000000000000000000000000000000000000000000000000000000000000000000000000000000000000000000000000000000000000000000000000000000000000000000000000000000000000000000000000000000000000000000000000000000000000000000000000000000000000000000000000000000000000000000000000000000000000000000000000000000000000
000000000000000000000000000000000000000000000000000000000000000000000000000000000000000000000000000000000000000000000000000000000000000000000000000000000000000000000000000000000000000000000000000000000000000000000000000000000000000000000000000000000000000000000000000000000000000000000000000000000000
000000000000000000000000000000000000000000000000000000000000000000000000000000000000000000000000000000000000000000000000000000000000000000000000000000000000000000000000000000000000000000000000000000000000000000000000000000000000000000000000000000000000000000000000000000000000000000000000000000000000
000000000000000000000000000000000000000000000000000000000000000000000000000000000000000000000000000000000000000000000000000000000000000000000000000000000000000000000000000000000000000000000000000000000000000000000000000000000000000000000000000000000000000000000000000000000000000000000000000000000000
000000000000000000000000000000000000000000000000000000000000000000000000000000000000000000000000000000000000000000000000000000000000000000000000000000000000000000000000000000000000000000000000000000000000000000000000000000000000000000000000000000000000000000000000000000000000000000000000000000000000
000000000000000000000000000000000000000000000000000000000000000000000000000000000000000000000000000000000000000000000000000000000000000000000000000000000000000000000000000000000000000000000000000000000000000000000000000000000000000000000000000000000000000000000000000000000000000000000000000000000000
000000000000000000000000000000000000000000000000000000000000000000000000000000000000000000000000000000000000000000000000000000000000000000000000000000000000000000000000000000000000000000000000000000000000000000000000000000000000000000000000000000000000000000000000000000000000000000000000000000000000
000000000000000000000000000000000000000000000000000000000000000000000000000000000000000000000000000000000000000000000000000000000000000000000000000000000000000000000000000000000000000000000000000000000000000000000000000000000000000000000000000000000000000000000000000000000000000000000000000000000000
000000000000000000000000000000000000000000000000000000000000000000000000000000000000000000000000000000000000000000000000000000000000000000000000000000000000000000000000000000000000000000000000000000000000000000000000000000000000000000000000000000000000000000000000000000000000000000000000000000000000
000000000000000000000000000000000000000000000000000000000000000000000000000000000000000000000000000000000000000000000000000000000000000000000000000000000000000000000000000000000000000000000000000000000000000000000000000000000000000000000000000000000000000000000000000000000000000000000000000000000000
000000000000000000000000000000000000000000000000000000000000000000000000000000000000000000000000000000000000000000000000000000000000000000000000000000000000000000000000000000000000000000000000000000000000000000000000000000000000000000000000000000000000000000000000000000000000000000000000000000000000
000000000000000000000000000000000000000000000000000000000000000000000000000000000000000000000000000000000000000000000000000000000000000000000000000000000000000000000000000000000000000000000000000000000000000000000000000000000000000000000000000000000000000000000000000000000000000000000000000000000000
000000000000000000000000000000000000000000000000000000000000000000000000000000000000000000000000000000000000000000000000000000000000000000000000000000000000000000000000000000000000000000000000000000000000000000000000000000000000000000000000000000000000000000000000000000000000000000000000000000000000
000000000000000000000000000000000000000000000000000000000000000000000000000000000000000000000000000000000000000000000000000000000000000000000000000000000000000000000000000000000000000000000000000000000000000000000000000000000000000000000000000000000000000000000000000000000000000000000000000000000000
000000000000000000000000000000000000000000000000000000000000000000000000000000000000000000000000000000000000000000000000000000000000000000000000000000000000000000000000000000000000000000000000000000000000000000000000000000000000000000000000000000000000000000000000000000000000000000000000000000000000
000000000000000000000000000000000000000000000000000000000000000000000000000000000000000000000000000000000000000000000000000000000000000000000000000000000000000000000000000000000000000000000000000000000000000000000000000000000000000000000000000000000000000000000000000000000000000000000000000000000000
000000000000000000000000000000000000000000000000000000000000000000000000000000000000000000000000000000000000000000000000000000000000000000000000000000000000000000000000000000000000000000000000000000000000000000000000000000000000000000000000000000000000000000000000000000000000000000000000000000000000
000000000000000000000000000000000000000000000000000000000000000000000000000000000000000000000000000000000000000000000000000000000000000000000000000000000000000000000000000000000000000000000000000000000000000000000000000000000000000000000000000000000000000000000000000000000000000000000000000000000000
000000000000000000000000000000000000000000000000000000000000000000000000000000000000000000000000000000000000000000000000000000000000000000000000000000000000000000000000000000000000000000000000000000000000000000000000000000000000000000000000000000000000000000000000000000000000000000000000000000000000
000000000000000000000000000000000000000000000000000000000000000000000000000000000000000000000000000000000000000000000000000000000000000000000000000000000000000000000000000000000000000000000000000000000000000000000000000000000000000000000000000000000000000000000000000000000000000000000000000000000000
000000000000000000000000000000000000000000000000000000000000000000000000000000000000000000000000000000000000000000000000000000000000000000000000000000000000000000000000000000000000000000000000000000000000000000000000000000000000000000000000000000000000000000000000000000000000000000000000000000000000
000000000000000000000000000000000000000000000000000000000000000000000000000000000000000000000000000000000000000000000000000000000000000000000000000000000000000000000000000000000000000000000000000000000000000000000000000000000000000000000000000000000000000000000000000000000000000000000000000000000000
000000000000000000000000000000000000000000000000000000000000000000000000000000000000000000000000000000000000000000000000000000000000000000000000000000000000000000000000000000000000000000000000000000000000000000000000000000000000000000000000000000000000000000000000000000000000000000000000000000000000
000000000000000000000000000000000000000000000000000000000000000000000000000000000000000000000000000000000000000000000000000000000000000000000000000000000000000000000000000000000000000000000000000000000000000000000000000000000000000000000000000000000000000000000000000000000000000000000000000000000000
000000000000000000000000000000000000000000000000000000000000000000000000000000000000000000000000000000000000000000000000000000000000000000000000000000000000000000000000000000000000000000000000000000000000000000000000000000000000000000000000000000000000000000000000000000000000000000000000000000000000
000000000000000000000000000000000000000000000000000000000000000000000000000000000000000000000000000000000000000000000000000000000000000000000000000000000000000000000000000000000000000000000000000000000000000000000000000000000000000000000000000000000000000000000000000000000000000000000000000000000000
000000000000000000000000000000000000000000000000000000000000000000000000000000000000000000000000000000000000000000000000000000000000000000000000000000000000000000000000000000000000000000000000000000000000000000000000000000000000000000000000000000000000000000000000000000000000000000000000000000000000
000000000000000000000000000000000000011111111111111111111111111111111111111111111111111111111111111100000000000000000000000000001111111000000000001111111000000000000000000000000000000000000000000000011111111111111111111111111111111111111111111111111111111111111100000000000000000000000000000000000000
000000000000000000000000000000000000011111111111111111111111111111111111111111111111111111111111111100000000000000000000000000011111111100000000011111111100000000000000000000000000000000000000000000011111111111111111111111111111111111111111111111111111111111111100000000000000000000000000000000000000
000000000000000000000000000000000000011000000000000000000000000000000000000000000111111111111111111100000000000111111000000000011000000011111000011000000100000111111000000111111000000111111000000000011111111111111111111000000000000000000000000000000000000000000100000000000000000000000000000000000000
000000000000000000000000000000000000011000000000000000000000000000000000000000000111111111111111111100000000000111111000000000011000000011111000011000000100000111111000000111111000000111111000000000011111111111111111111000000000000000000000000000000000000000000100000000000000000000000000000000000000
000000000000000000000000000000000000011000000000000000000000000000000000000000000111111111111111111100000000000111111000000000011000000011111000011000000100000111111000000111111000000111111000000000011111111111111111111000000000000000000000000000000000000000000100000000000000000000000000000000000000
000000000000000000000000000000000000011000000000000000000000000000000000000000000111111111111111111100000000000111111000000000011000000011111000011000000100000111111000000111111000000111111000000000011111111111111111111000000000000000000000000000000000000000000100000000000000000000000000000000000000
000000000000000000000000000000000000011000000000000000000000000000000000000000000111111111111111111100000000000111111000000000011000000011111000011000000100000111111000000111111000000111111000000000011111111111111111111000000000000000000000000000000000000000000100000000000000000000000000000000000000
000000000000000000000000000000000000011000000000000000000000000000000000000000000111111111111111111100000000000111111000000000011000000011111000011000000100000111111000000111111000000111111000000000011111111111111111111000000000000000000000000000000000000000000100000000000000000000000000000000000000
000000000000000000000000000000000000011000000111111111111111111111111111111000000111111000000000000011111000000000000111111111100111111011111000001000000000000000000000000000000111111000000111111000011000000000000111111000000111111111111111111111111111111000000100000000000000000000000000000000000000
000000000000000000000000000000000000011000000100000000000000000000000000000111111000000111100000000011111000001111111111111111100111111011111000000111111000000000001111111111111000000111111111111000011000000011111000000111111000000000000000000000000000011000000100000000000000000000000000000000000000
000000000000000000000000000000000000011000000100000000000000000000000000000111111000000111100000000011111000011111111011111111100111111011111000000111111000000000011111111111111000000111111011111000011000000011111000000111111000000000000000000000000000011000000100000000000000000000000000000000000000
000000000000000000000000000000000000011000000100000000000000000000000000000111111000000111100000000011111000011111111011111111100111111011111000000111111000000000011111111111111000000111111011111000011000000011111000000111111000000000000000000000000000011000000100000000000000000000000000000000000000
000000000000000000000000000000000000011000000100000000000000000000000000000111111000000111100000000011111000011111111011111111100111111011111000000111111000000000011111111111111000000111111011111000011000000011111000000111111000000000000000000000000000011000000100000000000000000000000000000000000000
000000000000000000000000000000000000011000000100000000000000000000000000000111111000000111100000000011111000011111111011111111100111111011111000000111111000000000011111111111111000000111111011111000011000000011111000000111111000000000000000000000000000011000000100000000000000000000000000000000000000
000000000000000000000000000000000000011000000100000111111111111111111000000111111000000111100111111011111000011000000011111000011000000100000111111111111111111000011111111111111111111000000100000000011000000100000000000111111000000111111111111111111000011000000100000000000000000000000000000000000000
000000000000000000000000000000000000011000000100000111111111111111111000000111111000000111100111111011111000011000000011111000011000000100000111111111111111111000011111111111111111111000000100000000011000000100000000000111111000000111111111111111111000011000000100000000000000000000000000000000000000
000000000000000000000000000000000000011000000100000111111111111111111000000111111000000111100111111011111000011000000011111000011000000100000111111111111111111000011111111111111111111000000100000000011000000100000000000111111000000111111111111111111000011000000100000000000000000000000000000000000000
000000000000000000000000000000000000011000000100000111111111111111111000000111111000000111100111111011111000001000000111111000001000000000000111111111111111111000111111111111111111111000000100000000011000000100000000000111111000000111111111111111111000011000000100000000000000000000000000000000000000
000000000000000000000000000000000000011000000100000111100000000000000111111000000100000111100111111011111000000111111111111000000111111000000111110000000000000111111111111110000000111000000100000000011000000100000000011000000111111000000000000011111000011000000100000000000000000000000000000000000000
000000000000000000000000000000000000011000000100000111100000000000000111111000000100000111100111111011111000000111111111111000000111111000000111100000000000000111111111111100000000011000000100000000011000000100000000011000000111111000000000000011111000011000000100000000000000000000000000000000000000
000000000000000000000000000000000000011000000100000111100000000000000111111000000100000000011000000100000111111000000000000111111111111000000111100111111000000000000000000011111111100000000011111000011000000100000000011000000111111000000000000011111000011000000100000000000000000000000000000000000000
000000000000000000000000000000000000011000000100000111100000000000000111111000000100000000011000000100000111111000000000000111111111111000000111100111111000000000000000000011111111100000000011111000011000000100000000011000000111111000000000000011111000011000000100000000000000000000000000000000000000
000000000000000000000000000000000000011000000100000111100000000000000111111000000100000000011000000100000111111000000000000111111111111000000111100111111000000000000000000011111111100000000011111000011000000100000000011000000111111000000000000011111000011000000100000000000000000000000000000000000000
000000000000000000000000000000000000011000000100000111100000000000000111111000000100000000011000000100000111111000000000000111111111111000000111100111111000000000000000000011111111100000000011111000011000000100000000011000000111111000000000000011111000011000000100000000000000000000000000000000000000
000000000000000000000000000000000000011000000100000111100000000000000111111000000100000000011000000100000111111000000000000111111111111000000111100111111000000000000000000011111111100000000011111000011000000100000000011000000111111000000000000011111000011000000100000000000000000000000000000000000000
000000000000000000000000000000000000011000000100000111100000000000000111111000000100000000011000000100000111111000000000000111111111111000000111100111111000000000000000000011111111100000000011111000011000000100000000011000000111111000000000000011111000011000000100000000000000000000000000000000000000
000000000000000000000000000000000000011000000100000111100000000000000111111000000100000111100000000100000111111111111111111111111000000000000000011111111000000111111111111110000111000111111011111111100111111100000000011000000111111000000000000011111000011000000100000000000000000000000000000000000000
000000000000000000000000000000000000011000000100000111100000000000000111111000000100000111100000000100000111110000000000000000000111111000000000011111111000000111111111111111111000000111111011111111100111111100000000011000000111111000000000000011111000011000000100000000000000000000000000000000000000
000000000000000000000000000000000000011000000100000111100000000000000111111000000100000111100000000100000111100000000000000000000111111100000000011111111000000111111111111111111000000111111011111111100111111100000000011000000111111000000000000011111000011000000100000000000000000000000000000000000000
000000000000000000000000000000000000011000000100000111100000000000000111111000000100000111100000000100000111100000000000000000000111111100000000011111111000000111111111111111111000000111111011111111100111111100000000011000000111111000000000000011111000011000000100000000000000000000000000000000000000
000000000000000000000000000000000000011000000100000111100000000000000111111000000100000111100000000100000111100000000000000000000111111100000000011111111000000111111111111111111000000111111011111111100111111100000000011000000111111000000000000011111000011000000100000000000000000000000000000000000000
000000000000000000000000000000000000011000000100000111100000000000000111111000000100000111100000000100000111100000000000000000000111111100000000011111111000000111111111111111111000000111111011111111100111111100000000011000000111111000000000000011111000011000000100000000000000000000000000000000000000
000000000000000000000000000000000000011000000100000000011111111111111111111000000100000111100111111011111111100000000111111111111000000100000111100000000000000000000111111000000111111111111100000000011111111100000000011000000111111111111111111100000000011000000100000000000000000000000000000000000000
000000000000000000000000000000000000011000000100000000011111111111111111111000000100000111100111111011111111100000000111111111111000000100000111100000000000000000000111111000000111111111111100000000011111111100000000011000000111111111111111111100000000011000000100000000000000000000000000000000000000
000000000000000000000000000000000000011000000100000000011111111111111111111000000100000111100111111011111111100000000111111111111000000100000111100000000000000000000111111000000111111111111100000000011111111100000000011000000111111111111111111100000000011000000100000000000000000000000000000000000000
000000000000000000000000000000000000011000000100000000011111111111111111111000000100000111100111111011111111110000000111111111111000000000000111110000000000000000000111111000000111111111111100000000011111111100000000011000000111111111111111111100000000011000000100000000000000000000000000000000000000
000000000000000000000000000000000000011000000100000000011111111111111111111000000100000111100111111011111111111111111111111111110111111000000111111111111111111111000111111001111000111111111100000000011111111100000000011000000111111111111111111100000000011000000100000000000000000000000000000000000000
000000000000000000000000000000000000011000000100000000011111111111111111111000000100000111100111111011111111111111111011111111100111111000000111111111111111111111100111111011111000011111111100000000011111111100000000011000000111111111111111111100000000011000000100000000000000000000000000000000000000
000000000000000000000000000000000000011000000011111111100000000000000000000000000100000111100111111011111000000111111011111000011000000111111000000111111000000111100111111011111000011000000100000111100111111011111000011000000000000000000000000011111111100000000100000000000000000000000000000000000000
000000000000000000000000000000000000011000000011111111100000000000000000000000000100000111100111111011111000000111111011111000011000000111111000000111111000000111100111111011111000011000000100000111100111111011111000011000000000000000000000000011111111100000000100000000000000000000000000000000000000
000000000000000000000000000000000000011000000011111111100000000000000000000000000100000111100111111011111000000111111011111000011000000111111000000111111000000111100111111011111000011000000100000111100111111011111000011000000000000000000000000011111111100000000100000000000000000000000000000000000000
000000000000000000000000000000000000011000000011111111100000000000000000000000000100000111100111111011111000000111111011111000011000000111111000000111111000000111100111111011111000011000000100000111100111111011111000011000000000000000000000000011111111100000000100000000000000000000000000000000000000
000000000000000000000000000000000000011000000011111111100000000000000000000000000100000111100111111011111000000111111011111000011000000111111000000111111000000111100111111011111000011000000100000111100111111011111000011000000000000000000000000011111111100000000100000000000000000000000000000000000000
000000000000000000000000000000000000011000000011111111100000000000000000000000000100000111100111111011111000000111111011111000011000000111111000000111111000000111100111111011111000011000000100000111100111111011111000011000000000000000000000000011111111100000000100000000000000000000000000000000000000
000000000000000000000000000000000000011111111100000000011111111111111111111111111100000111100111111011111000000000000000000111100000000111111000000000000111111111100111111011111000001000000111111000011111111100000000011111111111111111111111111100000000011111111100000000000000000000000000000000000000
000000000000000000000000000000000000011111111100000000000000000000000000000000000000000111100111111011111000001111111000000111100000000110000111111111111111111111100111111011111000000111111111111000011111111100000000000000000000000000000000000000000000011111111100000000000000000000000000000000000000
000000000000000000000000000000000000011111111100000000000000000000000000000000000000000111100111111011111000011111111000000111100000000100000111111111111011111111100111111011111000000111111111111000011111111100000000000000000000000000000000000000000000011111111100000000000000000000000000000000000000
000000000000000000000000000000000000011111111100000000000000000000000000000000000000000111100111111011111000011111111000000111100000000100000111111111111011111111100111111011111000000111111111111000011111111100000000000000000000000000000000000000000000011111111100000000000000000000000000000000000000
000000000000000000000000000000000000011111111100000000000000000000000000000000000000000111100111111011111000011111111000000111100000000100000111111111111011111111100111111011111000000111111111111000011111111100000000000000000000000000000000000000000000011111111100000000000000000000000000000000000000
000000000000000000000000000000000000011111111100000000000000000000000000000000000000000111100111111011111000011111111000000111100000000100000111111111111011111111100111111011111000000111111111111000011111111100000000000000000000000000000000000000000000011111111100000000000000000000000000000000000000
000000000000000000000000000000000000011000000011111000000111111000000000000111111111111000011111111100000111100000000000000000011000000011111000000111111100000111100111111011111111111111111111111111100111111011111000000111111111111111111000000111111111100111111100000000000000000000000000000000000000
000000000000000000000000000000000000011000000011111000000111111000000000000111111111111000011111111100000111100000000000000000011000000011111000000111111100000111100111111011111111111111111111111111100111111011111000000111111111111111111000000111111111100111111100000000000000000000000000000000000000
000000000000000000000000000000000000011000000011111000000111111000000000000111111111111000011111111100000111100000000000000000011000000011111000000111111100000111100111111011111111111111111111111111100111111011111000000111111111111111111000000111111111100111111100000000000000000000000000000000000000
000000000000000000000000000000000000011000000011111000000111111000000000000111111111111000011111111100000111100000000000000000111000000001111000000111111100000111100111111011111111111111111111111111100111111011111000000111111111111111111000000111111111100111111100000000000000000000000000000000000000
000000000000000000000000000000000000011000000000000111111000000111111111111000000000000111111111111100000111100000000001111111110111111000000111000111111100000111100111111011111111110000000111111111100111111000000111111000000000000000000111111000000000000111111100000000000000000000000000000000000000
000000000000000000000000000000000000011000000000000111111000000111111111111000000000000111111111111100000111100000000011111111100111111100000111100111111100000111100111111011111111100000000011111111100111111000000111111000000000000000000111111000000000000111111100000000000000000000000000000000000000
000000000000000000000000000000000000011111111000000111111111111111111111111111111111111000000000000100000111100111111011111111100000000011111111100111111100000111100000000100000000011000000011111111100000000000000111111111111111111111111000000111111000000111111100000000000000000000000000000000000000
000000000000000000000000000000000000011111111000000111111111111111111111111111111111111000000000000100000111100111111011111111100000000011111111100111111100000111100000000100000000011000000011111111100000000000000111111111111111111111111000000111111000000111111100000000000000000000000000000000000000
000000000000000000000000000000000000011111111000000111111111111111111111111111111111111000000000000100000111100111111011111111100000000011111111100111111100000111100000000100000000011000000011111111100000000000000111111111111111111111111000000111111000000111111100000000000000000000000000000000000000
000000000000000000000000000000000000011111111000000111111111111111111111111111111111111000000000000100000111100111111011111111100000000011111111100111111100000111100000000100000000011000000011111111100000000000000111111111111111111111111000000111111000000111111100000000000000000000000000000000000000
000000000000000000000000000000000000011111111000000111111111111111111111111111111111111000000000000100000111100111111011111111100000000011111111100111111100000111100000000100000000011000000011111111100000000000000111111111111111111111111000000111111000000111111100000000000000000000000000000000000000
000000000000000000000000000000000000011111111000000111111111111111111111111111111111111000000000000100000111100111111011111111100000000011111111100111111100000111100000000100000000011000000011111111100000000000000111111111111111111111111000000111111000000111111100000000000000000000000000000000000000
000000000000000000000000000000000000011000000111111000000000000111111000000000000000000111111111111011111000001000000000000000111111111001111111110111111111111000001000000111111111100000000100000000011111111000000111111000000000000111111111111000000000000111111100000000000000000000000000000000000000
000000000000000000000000000000000000000111111000000111111111111000000111111111111111111000000000000111111000000111111001111111111111111000000000111000000111111000000111111111111111100000000100000000000000000111111000000111111111111000000000000111111111111000000000000000000000000000000000000000000000
000000000000000000000000000000000000000111111000000111111111111000000111111111111111111000000000000111111000000111111011111111111111111000000000011000000111111000000111111111111111100000000100000000000000000111111000000111111111111000000000000111111111111000000000000000000000000000000000000000000000
000000000000000000000000000000000000000111111000000111111111111000000111111111111111111000000000000111111000000111111011111111111111111000000000011000000111111000000111111111111111100000000100000000000000000111111000000111111111111000000000000111111111111000000000000000000000000000000000000000000000
000000000000000000000000000000000000000111111000000111111111111000000111111111111111111000000000000111111000000111111011111111111111111000000000011000000111111000000111111111111111100000000100000000000000000111111000000111111111111000000000000111111111111000000000000000000000000000000000000000000000
000000000000000000000000000000000000000111111000000111111111111000000111111111111111111000000000000111111000000111111011111111111111111000000000011000000111111000000111111111111111100000000100000000000000000111111000000111111111111000000000000111111111111000000000000000000000000000000000000000000000
000000000000000000000000000000000000000111111111111000000000000000000000000000000111111111111000000111111111111000000100000111111111111000000111100111111000000000000111111000000111100000000011111000000000000111111000000111111000000111111111111000000000000111111000000000000000000000000000000000000000
000000000000000000000000000000000000000111111111111000000000000000000000000000000111111111111000000111111111111000000100000111111111111000000111100111111000000000000111111000000111100000000011111000000000000111111000000111111000000111111111111000000000000111111000000000000000000000000000000000000000
000000000000000000000000000000000000000111111111111000000000000000000000000000000111111111111000000111111111111000000100000111111111111000000111100111111000000000000111111000000111100000000011111000000000000111111000000111111000000111111111111000000000000111111000000000000000000000000000000000000000
000000000000000000000000000000000000000111111111111000000000000000000000000000000111111111111000000111111111111000000000000111111111111000000111100111111000000000000111111000000111110000000111111000000000000111111000000111111000000111111111111000000000000111111000000000000000000000000000000000000000
000000000000000000000000000000000000001000000000000111111111111111111111111111111111111111110111111000000000000111111000000111110000000000000111100111111000000000000111111001111000111111111110000111000000000110000111000111111001111000111111111001111111000111111000000000000000000000000000000000000000
000000000000000000000000000000000000011000000000000111111111111111111111111111111011111111100111111000000000000111111000000111100000000100000111100111111000000000000111111011111000011111111100000111100000000100000111100111111011111000011111111011111111100111111000000000000000000000000000000000000000
000000000000000000000000000000000000011000000000000111111111111111111000000000000100000111100111111000000111111000000000000111100000000011111000011000000000000111111000000011111111100000000011111111100000000100000111100111111011111000011000000100000111100111111000000000000000000000000000000000000000
000000000000000000000000000000000000011000000000000111111111111111111000000000000100000111100111111000000111111000000000000111100000000011111000011000000000000111111000000011111111100000000011111111100000000100000111100111111011111000011000000100000111100111111000000000000000000000000000000000000000
000000000000000000000000000000000000011000000000000111111111111111111000000000000100000111100111111000000111111000000000000111100000000011111000011000000000000111111000000011111111100000000011111111100000000100000111100111111011111000011000000100000111100111111000000000000000000000000000000000000000
000000000000000000000000000000000000011000000000000111111111111111111000000000000100000111100111111000000111111000000000000111100000000011111000011000000000000111111000000011111111100000000011111111100000000100000111100111111011111000011000000100000111100111111000000000000000000000000000000000000000
000000000000000000000000000000000000011000000000000111111111111111111000000000000100000111100111111000000111111000000000000111100000000011111000011000000000000111111000000011111111100000000011111111100000000100000111100111111011111000011000000100000111100111111000000000000000000000000000000000000000
000000000000000000000000000000000000011000000000000111111111111111111000000000000100000111100111111000000111111000000000000111100000000011111000011000000000000111111000000011111111100000000011111111100000000100000111100111111011111000011000000100000111100111111000000000000000000000000000000000000000
000000000000000000000000000000000000001000000000000111111000000000000000000111111110000111110000000111111111111000000111111000111000000001111000111111111000000000000111111001111000111000000111111111100111111100000000001000000001111000111000000110000111000000000000000000000000000000000000000000000000
000000000000000000000000000000000000000111111000000111110111111111111111000111111111111000111111111111111111111000000110000111110111111000000111110000000000000000001000000000000111110111111111111111100111111100000000000111111000000111111000000111111000000000000000000000000000000000000000000000000000
000000000000000000000000000000000000000111111100000111100111111111111111100111111111111000011111111011111111111000000100000111100111111100000111100000000100000000011000000100000111100111111111111111100111111100000000000111111100000111111000000111111000000000000000000000000000000000000000000000000000
000000000000000000000000000000000000000111111100000111100111111111111111100111111111111000011111111011111111111000000100000111100111111100000111100000000100000000011000000100000111100111111111111111100111111100000000000111111100000111111000000111111000000000000000000000000000000000000000000000000000
000000000000000000000000000000000000000111111100000111100111111111111111100111111111111000011111111011111111111000000100000111100111111100000111100000000100000000011000000100000111100111111111111111100111111100000000000111111100000111111000000111111000000000000000000000000000000000000000000000000000
000000000000000000000000000000000000000111111100000111100111111111111111100111111111111000011111111011111111111000000100000111100111111100000111100000000100000000011000000100000111100111111111111111100111111100000000000111111100000111111000000111111000000000000000000000000000000000000000000000000000
000000000000000000000000000000000000000000000011111000011000000111111000011000000111111000011111111100000111111000000011111000011000000011111000011111111100000000011000000011111000011000000000000000011000000100000111111000000100000111111000000111111111111000000000000000000000000000000000000000000000
000000000000000000000000000000000000000000000011111000011000000111111000011000000111111000011111111100000111111000000011111000011000000011111000011111111100000000011000000011111000011000000000000000011000000100000111111000000100000111111000000111111111111000000000000000000000000000000000000000000000
000000000000000000000000000000000000000000000011111000011000000111111000011000000111111000011111111100000111111000000011111000011000000011111000011111111100000000011000000011111000011000000000000000011000000100000111111000000100000111111000000111111111111000000000000000000000000000000000000000000000
000000000000000000000000000000000000000000000001111000111000000111111000011000000111111000001111111000000111111000000111111000011000000011111000001111111000000000011000000001111000001000000000000000001000000000000111111000000000000111111000000111111111111000000000000000000000000000000000000000000000
000000000000000000000000000000000000000000000000000111110111111111111000011000000111111000000000000000000111110111111111111000011000000011111000000000000000000000011000000000000111000111111000000000000111111000000111110111111001111000111000000110000000000111111000000000000000000000000000000000000000
000000000000000000000000000000000000000000000000000111100111111011111000011000000111111000000000000000000111100111111111111000011000000011111000000000000000000000011000000000000111100111111100000000000111111000000111100111111011111000011000000100000000000111111100000000000000000000000000000000000000
000000000000000000000000000000000000000111111111111000011111111100000111100111111111111000000111111111111111100000000111111000011111111011111111111000000000000000011000000111111111100111111011111111111111111111111000011111111011111111100111111100000111111000000100000000000000000000000000000000000000
000000000000000000000000000000000000000111111111111000011111111100000111100111111111111000000111111111111111100000000111111000011111111011111111111000000000000000011000000111111111100111111011111111111111111111111000011111111011111111100111111100000111111000000100000000000000000000000000000000000000
000000000000000000000000000000000000000111111111111000011111111100000111100111111111111000000111111111111111100000000111111000011111111011111111111000000000000000011000000111111111100111111011111111111111111111111000011111111011111111100111111100000111111000000100000000000000000000000000000000000000
000000000000000000000000000000000000000111111111111000011111111100000111100111111111111000000111111111111111100000000111111000011111111011111111111000000000000000011000000111111111100111111011111111111111111111111000011111111011111111100111111100000111111000000100000000000000000000000000000000000000
000000000000000000000000000000000000000111111111111000011111111100000111100111111111111000000111111111111111100000000111111000011111111011111111111000000000000000011000000111111111100111111011111111111111111111111000011111111011111111100111111100000111111000000100000000000000000000000000000000000000
000000000000000000000000000000000000000111111111111000011111111100000111100111111111111000000111111111111111100000000111111000011111111011111111111000000000000000011000000111111111100111111011111111111111111111111000011111111011111111100111111100000111111000000100000000000000000000000000000000000000
000000000000000000000000000000000000000000000111111111100000000001111000111000000000000111111111111000000111100000000111111111110111111111111000000111111111111000111111111111111111110000000110000000000111111000000000011111111110000000111111111001111000000000000100000000000000000000000000000000000000
000000000000000000000000000000000000000000000111111111100000000000000111111000000000000111110000000000000111100000000111111111111000000111111000001000000000000111111111111111111111111111111111111111000111111000000000011111111111111111110000000000000111000000000100000000000000000000000000000000000000
000000000000000000000000000000000000000000000111111111100000000000000111111000000000000111100000000100000111100000000111111111111000000111111000011000000000000111111111111111111111111111111011111111100111111000000000011111111111111111100000000100000111100000000100000000000000000000000000000000000000
000000000000000000000000000000000000000000000111111111100000000000000111111000000000000111100000000100000111100000000111111111111000000111111000011000000000000111111111111111111111111111111011111111100111111000000000011111111111111111100000000100000111100000000100000000000000000000000000000000000000
000000000000000000000000000000000000000000000111111111100000000000000111111000000000000111100000000100000111100000000111111111111000000111111000011000000000000111111111111111111111111111111011111111100111111000000000011111111111111111100000000100000111100000000100000000000000000000000000000000000000
000000000000000000000000000000000000000000000111111111100000000000000111111000000000000111100000000100000111100000000111111111111000000111111000011000000000000111111111111111111111111111111011111111100111111000000000011111111111111111100000000100000111100000000100000000000000000000000000000000000000
000000000000000000000000000000000000000111111000000111100111111000000111111111111111111000011111111100000000011111111111111111111111111000000000011000000111111000000000000111111000000111111011111111100111111000000111100111111000000111100000000100000111100111111100000000000000000000000000000000000000
000000000000000000000000000000000000000111111000000111100111111000000111111111111111111000011111111100000000011111111111111111111111111000000000011000000111111000000000000111111000000111111011111111100111111000000111100111111000000111100000000100000111100111111100000000000000000000000000000000000000
000000000000000000000000000000000000000111111000000111100111111000000111111111111111111000011111111100000000011111111111111111111111111000000000011000000111111000000000000111111000000111111011111111100111111000000111100111111000000111100000000100000111100111111100000000000000000000000000000000000000
000000000000000000000000000000000000000111111000000111000111111000000111111111111111111000111111111110000000111111111111111111111111111000000000011000000111111000000000000111111000000111111011111111100111111000000111100111111000000111110000000000000111000111111100000000000000000000000000000000000000
000000000000000000000000000000000000000111111001111000000111111000000111110000000000000111110000000111111111110000000000000000000000000000000000011000000111111000000000000111111000000111111011111111100111111000000111100111111001111000111111111001111000000111111100000000000000000000000000000000000000
000000000000000000000000000000000000000111111011111000000111111000000111100000000000000111100000000011111111100000000000000000000000000100000000011000000111111000000000000111111000000111111011111111100111111000000111100111111011111000011111111011111000000111111100000000000000000000000000000000000000
000000000000000000000000000000000000000000000100000000000000000000000111100111111111111111100000000011111111100000000000000111111000000100000111100111111000000000000000000111111111111111111011111000011000000000000000011111111100000111100000000011111000000000000100000000000000000000000000000000000000
000000000000000000000000000000000000000000000100000000000000000000000111100111111111111111100000000011111111100000000000000111111000000100000111100111111000000000000000000111111111111111111011111000011000000000000000011111111100000111100000000011111000000000000100000000000000000000000000000000000000
000000000000000000000000000000000000000000000100000000000000000000000111100111111111111111100000000011111111100000000000000111111000000100000111100111111000000000000000000111111111111111111011111000011000000000000000011111111100000111100000000011111000000000000100000000000000000000000000000000000000
000000000000000000000000000000000000000000000100000000000000000000000111100111111111111111100000000011111111100000000000000111111000000100000111100111111000000000000000000111111111111111111011111000011000000000000000011111111100000111100000000011111000000000000100000000000000000000000000000000000000
000000000000000000000000000000000000000000000100000000000000000000000111100111111111111111100000000011111111100000000000000111111000000100000111100111111000000000000000000111111111111111111011111000011000000000000000011111111100000111100000000011111000000000000100000000000000000000000000000000000000
000000000000000000000000000000000000000000000100000000000000000000000111100111111111111111100000000011111111100000000000000111111000000100000111100111111000000000000000000111111111111111111011111000011000000000000000011111111100000111100000000011111000000000000100000000000000000000000000000000000000
000000000000000000000000000000000000000111111110000000000111111000000111100000000000000111110000000111111000001000000111111000000000000000000000001000000000000000000000000111111111111000000110000000001111111111111000111111111110000111000000000100000000000000000000000000000000000000000000000000000000
000000000000000000000000000000000000001000000111111111111000000000000111100000000000000111111111111110000111000111111111111000001111111000000000000111111111111111000000000110000000111000000111111111000000000000000111111111111111111000000000000100000000001111111000000000000000000000000000000000000000
000000000000000000000000000000000000011000000011111111111000000100000111100000000000000111111111111100000111100111111011111000011111111000000000000111111111111111100000000100000000011000000111111111100000000000000111111111111111111000000000000100000000011111111000000000000000000000000000000000000000
000000000000000000000000000000000000011000000011111111111000000100000111100000000000000111111111111100000111100111111011111000011111111000000000000111111111111111100000000100000000011000000111111111100000000000000111111111111111111000000000000100000000011111111000000000000000000000000000000000000000
000000000000000000000000000000000000011000000011111111111000000100000111100000000000000111111111111100000111100111111011111000011111111000000000000111111111111111100000000100000000011000000111111111100000000000000111111111111111111000000000000100000000011111111000000000000000000000000000000000000000
000000000000000000000000000000000000011000000011111111111000000100000111100000000000000111111111111100000111100111111011111000011111111000000000000111111111111111100000000100000000011000000111111111100000000000000111111111111111111000000000000100000000011111111000000000000000000000000000000000000000
000000000000000000000000000000000000011000000100000111111111111011111111100111111000000111111000000011111000011111111100000000011000000111111111111111111000000111100000000011111111100111111111111000011000000111111000000000000000000000000111111011111111100111111000000000000000000000000000000000000000
000000000000000000000000000000000000011000000100000111111111111011111111100111111000000111111000000011111000011111111100000000011000000111111111111111111000000111100000000011111111100111111111111000011000000111111000000000000000000000000111111011111111100111111000000000000000000000000000000000000000
000000000000000000000000000000000000011000000100000111111111111011111111100111111000000111111000000011111000011111111100000000011000000111111111111111111000000111100000000011111111100111111111111000011000000111111000000000000000000000000111111011111111100111111000000000000000000000000000000000000000
000000000000000000000000000000000000011000000100000111111111111001111111000111111000000111111000000001111000111111111100000000011000000111111111111111111000000111100000000011111111100111111111111000001000000111111000000000000000000000000111111011111111110111111000000000000000000000000000000000000000
000000000000000000000000000000000000011000000100000111110000000000000000001000000111111000000111111000000111111111111100000000011000000110000000000000000000000111100000000011111111100111111111111000000111111111111000000000000001111111000111111011111111111000000000000000000000000000000000000000000000
000000000000000000000000000000000000011000000100000111100000000100000000011000000111111000000111111100000111111111111100000000011000000100000000000000000100000111100000000011111111100111111111111000000111111011111000000000000011111111100111111011111111111000000100000000000000000000000000000000000000
000000000000000000000000000000000000011000000011111111100111111100000111100111111111111000000111111011111111111111111100000000011111111011111000000000000100000000011000000011111111100000000000000000000000000011111111111000000100000111100000000011111000000111111100000000000000000000000000000000000000
000000000000000000000000000000000000011000000011111111100111111100000111100111111111111000000111111011111111111111111100000000011111111011111000000000000100000000011000000011111111100000000000000000000000000011111111111000000100000111100000000011111000000111111100000000000000000000000000000000000000
000000000000000000000000000000000000011000000011111111100111111100000111100111111111111000000111111011111111111111111100000000011111111011111000000000000100000000011000000011111111100000000000000000000000000011111111111000000100000111100000000011111000000111111100000000000000000000000000000000000000
000000000000000000000000000000000000011000000011111111100111111100000111100111111111111000000111111011111111111111111100000000011111111011111000000000000100000000011000000011111111100000000000000000000000000011111111111000000100000111100000000011111000000111111100000000000000000000000000000000000000
000000000000000000000000000000000000011000000011111111100111111100000111100111111111111000000111111011111111111111111100000000011111111011111000000000000100000000011000000011111111100000000000000000000000000011111111111000000100000111100000000011111000000111111100000000000000000000000000000000000000
000000000000000000000000000000000000011000000011111111100111111100000111100111111111111000000111111011111111111111111100000000011111111011111000000000000100000000011000000011111111100000000000000000000000000011111111111000000100000111100000000011111000000111111100000000000000000000000000000000000000
000000000000000000000000000000000000011000000011111000001111111000000000001000000111111000000000000000000000000111111001111111000000000111111000000111111111111111110000000111111000111111111111111111111111111111111111111111111100000111100111111100000111111111111100000000000000000000000000000000000000
000000000000000000000000000000000000011000000011111000000000000000000000000111111111111000001111111001111111000111111000000000001111111111111000001000000111111111111111111110000111111111111110000000000000000110000000111111111100000111100111111100000111111111111100000000000000000000000000000000000000
000000000000000000000000000000000000011000000011111000000000000000000000000111111011111000011111111011111111100111111000000000011111111111111000011000000111111111111111111100000111111111111100000000000000000100000000011111111100000111100111111100000111111111111100000000000000000000000000000000000000
000000000000000000000000000000000000011000000011111000000000000000000000000111111011111000011111111011111111100111111000000000011111111111111000011000000111111111111111111100000111111111111100000000000000000100000000011111111100000111100111111100000111111111111100000000000000000000000000000000000000
000000000000000000000000000000000000011000000011111000000000000000000000000111111011111000011111111011111111100111111000000000011111111111111000011000000111111111111111111100000111111111111100000000000000000100000000011111111100000111100111111100000111111111111100000000000000000000000000000000000000
000000000000000000000000000000000000011000000011111000000000000000000000000111111011111000011111111011111111100111111000000000011111111111111000011000000111111111111111111100000111111111111100000000000000000100000000011111111100000111100111111100000111111111111100000000000000000000000000000000000000
000000000000000000000000000000000000011111111011111111111111111111111000000000000100000000011000000100000000011111111000000111100111111111111111100111111000000000000111111011111000000000000011111000000000000100000111100111111100000000011000000011111111111111111100000000000000000000000000000000000000
000000000000000000000000000000000000011111111011111111111111111111111000000000000100000000011000000100000000011111111000000111100111111111111111100111111000000000000111111011111000000000000011111000000000000100000111100111111100000000011000000011111111111111111100000000000000000000000000000000000000
000000000000000000000000000000000000011111111011111111111111111111111000000000000100000000011000000100000000011111111000000111100111111111111111100111111000000000000111111011111000000000000011111000000000000100000111100111111100000000011000000011111111111111111100000000000000000000000000000000000000
000000000000000000000000000000000000011111111011111111111111111111111000000000000110000000111000000110000000111111111000000111110111111111111111110111111000000000000111111011111000000000000001111000000000000000000111110111111110000000111000000001111111111111111100000000000000000000000000000000000000
000000000000000000000000000000000000011111111011111111111111111110000111000000000111111111110111111111111111110000000000000111111000000111111111111000000111111111000111111011111000000000000000000111111111111000000111111000000111111111111000000000000000111111111100000000000000000000000000000000000000
000000000000000000000000000000000000011111111011111111111111111100000111100000000111111111100111111011111111100000000100000111111000000011111111111000000111111111100111111011111000000000000000000111111111111000000111111000000011111111111000000000000000011111111100000000000000000000000000000000000000
000000000000000000000000000000000000011111111100000111111000000100000000011111111111111111100000000011111000011000000100000111111000000100000000000000000111111111100000000100000111111000000000000000000111111000000111111000000100000111111000000000000111100000000100000000000000000000000000000000000000
000000000000000000000000000000000000011111111100000111111000000100000000011111111111111111100000000011111000011000000100000111111000000100000000000000000111111111100000000100000111111000000000000000000111111000000111111000000100000111111000000000000111100000000100000000000000000000000000000000000000
000000000000000000000000000000000000011111111100000111111000000100000000011111111111111111100000000011111000011000000100000111111000000100000000000000000111111111100000000100000111111000000000000000000111111000000111111000000100000111111000000000000111100000000100000000000000000000000000000000000000
000000000000000000000000000000000000011111111100000111111000000100000000011111111111111111100000000011111000011000000100000111111000000100000000000000000111111111100000000100000111111000000000000000000111111000000111111000000100000111111000000000000111100000000100000000000000000000000000000000000000
000000000000000000000000000000000000011111111100000111111000000100000000011111111111111111100000000011111000011000000100000111111000000100000000000000000111111111100000000100000111111000000000000000000111111000000111111000000100000111111000000000000111100000000100000000000000000000000000000000000000
000000000000000000000000000000000000011111111100000111111000000100000000011111111111111111100000000011111000011000000100000111111000000100000000000000000111111111100000000100000111111000000000000000000111111000000111111000000100000111111000000000000111100000000100000000000000000000000000000000000000
000000000000000000000000000000000000001111111111111111111111111001111000111000000111111111110000000111111111100111111100000000000111111110000000000000000111111111000111111001111000000111111111111111111111111111111111111111111011111000000000000111111000011000000100000000000000000000000000000000000000
000000000000000000000000000000000000000000000111111111111111111000000111111000000111111111111111111111111111100111111100000000001000000111111111000000000110000000001000000000000111000111111110000000000000000000000000111111111011111000000000000111111000011000000100000000000000000000000000000000000000
000000000000000000000000000000000000000000000111111111111111111000000111111000000111111111111111111111111111100111111100000000011000000011111111100000000100000000011000000100000111100111111100000000000000000000000000011111111011111000000000000111111000011000000100000000000000000000000000000000000000
000000000000000000000000000000000000000000000111111111111111111000000111111000000111111111111111111111111111100111111100000000011000000011111111100000000100000000011000000100000111100111111100000000000000000000000000011111111011111000000000000111111000011000000100000000000000000000000000000000000000
000000000000000000000000000000000000000000000111111111111111111000000111111000000111111111111111111111111111100111111100000000011000000011111111100000000100000000011000000100000111100111111100000000000000000000000000011111111011111000000000000111111000011000000100000000000000000000000000000000000000
000000000000000000000000000000000000000000000111111111111111111000000111111000000111111111111111111111111111100111111100000000011000000011111111100000000100000000011000000100000111100111111100000000000000000000000000011111111011111000000000000111111000011000000100000000000000000000000000000000000000
000000000000000000000000000000000000000111111000000000000000000111111111111111111111111000000111111000000111100000000011111111100111111011111000011000000011111000011000000100000111100000000011111000000111111111111000011000000011111111111000000000000000011000000100000000000000000000000000000000000000
000000000000000000000000000000000000000111111000000000000000000111111111111111111111111000000111111000000111100000000011111111100111111011111000011000000011111000011000000100000111100000000011111000000111111111111000011000000011111111111000000000000000011000000100000000000000000000000000000000000000
000000000000000000000000000000000000000111111000000000000000000111111111111111111111111000000111111000000111100000000011111111100111111011111000011000000011111000011000000100000111100000000011111000000111111111111000011000000011111111111000000000000000011000000100000000000000000000000000000000000000
000000000000000000000000000000000000000111111000000000000000000111111111111111111111111000000111111000000111100000000001111111110111111111111000011000000001111000111000000110000111000000000011111000000111111111111000011000000001111111111000000000000000111000000100000000000000000000000000000000000000
000000000000000000000000000000000000011000000111111111111111111000000000000000000000000111111000000100000111100000000000000000111000000111111000011000000000000111111000000111111000000000000011111000001000000111111000011000000000000000111000000001111111111000000100000000000000000000000000000000000000
000000000000000000000000000000000000011000000111111111111111111000000000000000000000000111111000000100000111100000000000000000011000000111111000011000000000000111111000000111111000000000000011111000011000000011111000011000000000000000011000000011111111111000000100000000000000000000000000000000000000
000000000000000000000000000000000000011111111000000000000000000000000000000111111000000000000111111100000000011111111000000111100000000000000111100111111111111000000111111111111111111111111011111000011111111011111111100000000111111111100000000011111000000000000100000000000000000000000000000000000000
000000000000000000000000000000000000011111111000000000000000000000000000000111111000000000000111111100000000011111111000000111100000000000000111100111111111111000000111111111111111111111111011111000011111111011111111100000000111111111100000000011111000000000000100000000000000000000000000000000000000
000000000000000000000000000000000000011111111000000000000000000000000000000111111000000000000111111100000000011111111000000111100000000000000111100111111111111000000111111111111111111111111011111000011111111011111111100000000111111111100000000011111000000000000100000000000000000000000000000000000000
000000000000000000000000000000000000011111111000000000000000000000000000000111111000000000000111111100000000011111111000000111100000000000000111100111111111111000000111111111111111111111111011111000011111111011111111100000000111111111100000000011111000000000000100000000000000000000000000000000000000
000000000000000000000000000000000000011111111000000000000000000000000000000111111000000000000111111100000000011111111000000111100000000000000111100111111111111000000111111111111111111111111011111000011111111011111111100000000111111111100000000011111000000000000100000000000000000000000000000000000000
000000000000000000000000000000000000011111111000000000000000000000000000000111111000000000000111111100000000011111111000000111100000000000000111100111111111111000000111111111111111111111111011111000011111111011111111100000000111111111100000000011111000000000000100000000000000000000000000000000000000
000000000000000000000000000000000000011000000000000000000111111000000000000000000000000111111111111100000000001111111000000000111000000000000000011000000000000000000111111000000111111111111011111111110111111111111111100000000000000000111111111001111000000000000000000000000000000000000000000000000000
000000000000000000000000000000000000011000000011111111111000000111111111111111111111111000011111111100000000000000000111111111110111111000000000011000000000000000001000000111111000111111111011111111111000000111111111100000000001111111111111111000000111111111111000000000000000000000000000000000000000
000000000000000000000000000000000000011000000011111111111000000111111111111111111111111000011111111100000000000000000111111111100111111100000000011000000000000000011000000111111000011111111011111111111000000111111111100000000011111111111111111000000111111111111000000000000000000000000000000000000000
000000000000000000000000000000000000011000000011111111111000000111111111111111111111111000011111111100000000000000000111111111100111111100000000011000000000000000011000000111111000011111111011111111111000000111111111100000000011111111111111111000000111111111111000000000000000000000000000000000000000
000000000000000000000000000000000000011000000011111111111000000111111111111111111111111000011111111100000000000000000111111111100111111100000000011000000000000000011000000111111000011111111011111111111000000111111111100000000011111111111111111000000111111111111000000000000000000000000000000000000000
000000000000000000000000000000000000011000000011111111111000000111111111111111111111111000011111111100000000000000000111111111100111111100000000011000000000000000011000000111111000011111111011111111111000000111111111100000000011111111111111111000000111111111111000000000000000000000000000000000000000
000000000000000000000000000000000000011111111100000000000000000000000000000000000000000111100111111100000111111111111111111000011111111011111000011111111111111000011111111111111000011000000011111111111000000111111000011111111100000111111111111000000000000000000000000000000000000000000000000000000000
000000000000000000000000000000000000011111111100000000000000000000000000000000000000000111100111111100000111111111111111111000011111111011111000011111111111111000011111111111111000011000000011111111111000000111111000011111111100000111111111111000000000000000000000000000000000000000000000000000000000
000000000000000000000000000000000000011111111100000000000000000000000000000000000000000111100111111100000111111111111111111000011111111011111000011111111111111000011111111111111000011000000011111111111000000111111000011111111100000111111111111000000000000000000000000000000000000000000000000000000000
000000000000000000000000000000000000011111111100000000000000000000000000000000000000000111100111111100000111111111111111111000011111111011111000001111111111111000001111111111111000111000000001111111111000000111111000111111111100000111111111111000000000000000000000000000000000000000000000000000000000
000000000000000000000000000000000000011111111100000000011111111111111111111111111100000111100111111100000111110000000111111000011111111011111000000000000111111000000000000000000111111000000000000000000111111000000111111111111100000111110000000000000000000000000000000000000000000000000000000000000000
000000000000000000000000000000000000011111111100000000011111111111111111111111111100000111100111111100000111100000000011111000011111111011111000000000000011111000000000000000000111111000000000000000000111111000000111111111111100000111100000000100000000000000000000000000000000000000000000000000000000
000000000000000000000000000000000000011000000011111111100000000000000000000000000100000111100000000011111111100000000011111000011000000011111111111000000011111111111000000111111111111000000000000111111111111000000111111000000100000111100111111100000111111111111000000000000000000000000000000000000000
000000000000000000000000000000000000011000000011111111100000000000000000000000000100000111100000000011111111100000000011111000011000000011111111111000000011111111111000000111111111111000000000000111111111111000000111111000000100000111100111111100000111111111111000000000000000000000000000000000000000
000000000000000000000000000000000000011000000011111111100000000000000000000000000100000111100000000011111111100000000011111000011000000011111111111000000011111111111000000111111111111000000000000111111111111000000111111000000100000111100111111100000111111111111000000000000000000000000000000000000000
000000000000000000000000000000000000011000000011111111100000000000000000000000000100000111100000000011111111100000000011111000011000000011111111111000000011111111111000000111111111111000000000000111111111111000000111111000000100000111100111111100000111111111111000000000000000000000000000000000000000
000000000000000000000000000000000000011000000011111111100000000000000000000000000100000111100000000011111111100000000011111000011000000011111111111000000011111111111000000111111111111000000000000111111111111000000111111000000100000111100111111100000111111111111000000000000000000000000000000000000000
000000000000000000000000000000000000011000000011111111100000000000000000000000000100000111100000000011111111100000000011111000011000000011111111111000000011111111111000000111111111111000000000000111111111111000000111111000000100000111100111111100000111111111111000000000000000000000000000000000000000
000000000000000000000000000000000000011000000100000000011111111111111111111000000100000000011111111011111000011000000100000111100111111011111111111111111110000000000000000000000111111000000111111111111000000000000111111111111000000111110000000111111111111111111000000000000000000000000000000000000000
000000000000000000000000000000000000011000000100000000011111111111111111111000000100000000011111111011111000011000000100000111100111111011111111111111111111111111000000000000000111111000000111111111110111111111111000000000000001111000111111111110000000000000000000000000000000000000000000000000000000
000000000000000000000000000000000000011000000100000000011111111111111111111000000100000000011111111011111000011000000100000111100111111011111111111111111111111111100000000000000111111000000111111111100111111111111000000000000011111000011111111100000000000000000100000000000000000000000000000000000000
000000000000000000000000000000000000011000000100000000011111111111111111111000000100000000011111111011111000011000000100000111100111111011111111111111111111111111100000000000000111111000000111111111100111111111111000000000000011111000011111111100000000000000000100000000000000000000000000000000000000
000000000000000000000000000000000000011000000100000000011111111111111111111000000100000000011111111011111000011000000100000111100111111011111111111111111111111111100000000000000111111000000111111111100111111111111000000000000011111000011111111100000000000000000100000000000000000000000000000000000000
000000000000000000000000000000000000011000000100000000011111111111111111111000000100000000011111111011111000011000000100000111100111111011111111111111111111111111100000000000000111111000000111111111100111111111111000000000000011111000011111111100000000000000000100000000000000000000000000000000000000
000000000000000000000000000000000000011000000100000111100000000000000111111000000100000000011000000100000111100000000100000111100111111100000111111000000000000000011111111111111000000000000000000000011111111111111111111111111100000000011000000100000000000111111100000000000000000000000000000000000000
000000000000000000000000000000000000011000000100000111100000000000000111111000000100000000011000000100000111100000000100000111100111111100000111111000000000000000011111111111111000000000000000000000011111111111111111111111111100000000011000000100000000000111111100000000000000000000000000000000000000
000000000000000000000000000000000000011000000100000111100000000000000111111000000100000000011000000100000111100000000100000111100111111100000111111000000000000000011111111111111000000000000000000000011111111111111111111111111100000000011000000100000000000111111100000000000000000000000000000000000000
000000000000000000000000000000000000011000000100000111100000000000000111111000000100000000011000000100000111100000000110000111000111111100000111111000000000000000111111111111111000000000000000000000011111111111111111111111111110000000111000000110000000000111111100000000000000000000000000000000000000
000000000000000000000000000000000000011000000100000111100000000000000111111000000100000000011000000100000111100000000111111000000111111100000111110111111111111111111111111110000111111111111000000000011111111111111111111111111111111111110111111111111111000111111100000000000000000000000000000000000000
000000000000000000000000000000000000011000000100000111100000000000000111111000000100000000011000000100000111100000000111111000000111111100000111100111111111111111111111111100000111111111111100000000011111111111111111111111111111111111100111111011111111100111111100000000000000000000000000000000000000
000000000000000000000000000000000000011000000100000111100000000000000111111000000100000111100000000011111111100000000000000111111000000011111111100000000000000000000000000011111111111111111100000111100111111111111000000000000000000000011111111100000000011111111100000000000000000000000000000000000000
000000000000000000000000000000000000011000000100000111100000000000000111111000000100000111100000000011111111100000000000000111111000000011111111100000000000000000000000000011111111111111111100000111100111111111111000000000000000000000011111111100000000011111111100000000000000000000000000000000000000
000000000000000000000000000000000000011000000100000111100000000000000111111000000100000111100000000011111111100000000000000111111000000011111111100000000000000000000000000011111111111111111100000111100111111111111000000000000000000000011111111100000000011111111100000000000000000000000000000000000000
000000000000000000000000000000000000011000000100000111100000000000000111111000000100000111100000000011111111100000000000000111111000000011111111100000000000000000000000000011111111111111111100000111100111111111111000000000000000000000011111111100000000011111111100000000000000000000000000000000000000
000000000000000000000000000000000000011000000100000111100000000000000111111000000100000111100000000011111111100000000000000111111000000011111111100000000000000000000000000011111111111111111100000111100111111111111000000000000000000000011111111100000000011111111100000000000000000000000000000000000000
000000000000000000000000000000000000011000000100000111100000000000000111111000000100000111100000000011111111100000000000000111111000000011111111100000000000000000000000000011111111111111111100000111100111111111111000000000000000000000011111111100000000011111111100000000000000000000000000000000000000
000000000000000000000000000000000000011000000100000111100000000000000111111000000100000000011000000100000000011111111111111000000111111110000111110111111000000111111000000000000111111111111011111111110111111000000111111000000000000111000000000001111000001000000000000000000000000000000000000000000000
000000000000000000000000000000000000011000000100000111111111111111111000000111111000000000011000000100000000011111111111111000000111111111111000111000000111111000000111111001111000111111111011111111111000000000000111110111111111111000000000000000000111000111111000000000000000000000000000000000000000
000000000000000000000000000000000000011000000100000111111111111111111000000111111000000000011000000100000000011111111111111000000111111111111000011000000111111000000111111011111000011111111011111111111000000100000111100111111111111000000000000000000111100111111000000000000000000000000000000000000000
000000000000000000000000000000000000011000000100000111111111111111111000000111111000000000011000000100000000011111111111111000000111111111111000011000000111111000000111111011111000011111111011111111111000000100000111100111111111111000000000000000000111100111111000000000000000000000000000000000000000
000000000000000000000000000000000000011000000100000111111111111111111000000111111000000000011000000100000000011111111111111000000111111111111000011000000111111000000111111011111000011111111011111111111000000100000111100111111111111000000000000000000111100111111000000000000000000000000000000000000000
000000000000000000000000000000000000011000000100000111111111111111111000000111111000000000011000000100000000011111111111111000000111111111111000011000000111111000000111111011111000011111111011111111111000000100000111100111111111111000000000000000000111100111111000000000000000000000000000000000000000
000000000000000000000000000000000000011000000100000000000000000000000000000111111000000111100000000100000111100000000000000000000111111000000111100111111000000000000111111011111000011111111011111000000000000100000000011111111111111111111000000111111000011111111000000000000000000000000000000000000000
000000000000000000000000000000000000011000000100000000000000000000000000000111111000000111100000000100000111100000000000000000000111111000000111100111111000000000000111111011111000011111111011111000000000000100000000011111111111111111111000000111111000011111111000000000000000000000000000000000000000
000000000000000000000000000000000000011000000100000000000000000000000000000111111000000111100000000100000111100000000000000000000111111000000111100111111000000000000111111011111000011111111011111000000000000100000000011111111111111111111000000111111000011111111000000000000000000000000000000000000000
000000000000000000000000000000000000011000000100000000000000000000000000000111111000000111100000000100000111100000000000000000000111111000000111000111111000000000000111111001111000111111111001111000000000000000000000001111111111111111111000000111111000001111111000000000000000000000000000000000000000
000000000000000000000000000000000000011000000111111111111111111111111111111000000111111000000000000100000111100000000000000000000111111001111000001000000000000000001000000000000111111111111000000111111111111000000000000000000111111111111000000111111000000000000000000000000000000000000000000000000000
000000000000000000000000000000000000011000000111111111111111111111111111111000000111111000000000000100000111100000000000000000000111111011111000011000000100000000011000000100000111111111111000000111111111111000000000000000000011111111111000000111111000000000000100000000000000000000000000000000000000
000000000000000000000000000000000000011000000000000000000000000000000000000000000111111000000111111011111000011000000111111000000111111100000111100000000100000111100111111011111000000000000000000111111000000111111000000000000100000000000111111000000000000000000100000000000000000000000000000000000000
000000000000000000000000000000000000011000000000000000000000000000000000000000000111111000000111111011111000011000000111111000000111111100000111100000000100000111100111111011111000000000000000000111111000000111111000000000000100000000000111111000000000000000000100000000000000000000000000000000000000
000000000000000000000000000000000000011000000000000000000000000000000000000000000111111000000111111011111000011000000111111000000111111100000111100000000100000111100111111011111000000000000000000111111000000111111000000000000100000000000111111000000000000000000100000000000000000000000000000000000000
000000000000000000000000000000000000011000000000000000000000000000000000000000000111111000000111111011111000011000000111111000000111111100000111100000000100000111100111111011111000000000000000000111111000000111111000000000000100000000000111111000000000000000000100000000000000000000000000000000000000
000000000000000000000000000000000000011000000000000000000000000000000000000000000111111000000111111011111000011000000111111000000111111100000111100000000100000111100111111011111000000000000000000111111000000111111000000000000100000000000111111000000000000000000100000000000000000000000000000000000000
000000000000000000000000000000000000011000000000000000000000000000000000000000000111111000000111111011111000011000000111111000000111111100000111100000000100000111100111111011111000000000000000000111111000000111111000000000000100000000000111111000000000000000000100000000000000000000000000000000000000
000000000000000000000000000000000000011111111111111111111111111111111111111111111111111111111111111100000000001111111111111111111111111000000000001111111000000000001111111000000000000000000000000000000000000000000000000000000001111111111111111111111111111111111000000000000000000000000000000000000000
000000000000000000000000000000000000000000000000000000000000000000000000000000000000000000000000000000000000000000000000000000000000000000000000000000000000000000000000000000000000000000000000000000000000000000000000000000000000000000000000000000000000000000000000000000000000000000000000000000000000
000000000000000000000000000000000000000000000000000000000000000000000000000000000000000000000000000000000000000000000000000000000000000000000000000000000000000000000000000000000000000000000000000000000000000000000000000000000000000000000000000000000000000000000000000000000000000000000000000000000000
000000000000000000000000000000000000000000000000000000000000000000000000000000000000000000000000000000000000000000000000000000000000000000000000000000000000000000000000000000000000000000000000000000000000000000000000000000000000000000000000000000000000000000000000000000000000000000000000000000000000
000000000000000000000000000000000000000000000000000000000000000000000000000000000000000000000000000000000000000000000000000000000000000000000000000000000000000000000000000000000000000000000000000000000000000000000000000000000000000000000000000000000000000000000000000000000000000000000000000000000000
000000000000000000000000000000000000000000000000000000000000000000000000000000000000000000000000000000000000000000000000000000000000000000000000000000000000000000000000000000000000000000000000000000000000000000000000000000000000000000000000000000000000000000000000000000000000000000000000000000000000
000000000000000000000000000000000000000000000000000000000000000000000000000000000000000000000000000000000000000000000000000000000000000000000000000000000000000000000000000000000000000000000000000000000000000000000000000000000000000000000000000000000000000000000000000000000000000000000000000000000000
000000000000000000000000000000000000000000000000000000000000000000000000000000000000000000000000000000000000000000000000000000000000000000000000000000000000000000000000000000000000000000000000000000000000000000000000000000000000000000000000000000000000000000000000000000000000000000000000000000000000
000000000000000000000000000000000000000000000000000000000000000000000000000000000000000000000000000000000000000000000000000000000000000000000000000000000000000000000000000000000000000000000000000000000000000000000000000000000000000000000000000000000000000000000000000000000000000000000000000000000000
000000000000000000000000000000000000000000000000000000000000000000000000000000000000000000000000000000000000000000000000000000000000000000000000000000000000000000000000000000000000000000000000000000000000000000000000000000000000000000000000000000000000000000000000000000000000000000000000000000000000
000000000000000000000000000000000000000000000000000000000000000000000000000000000000000000000000000000000000000000000000000000000000000000000000000000000000000000000000000000000000000000000000000000000000000000000000000000000000000000000000000000000000000000000000000000000000000000000000000000000000
000000000000000000000000000000000000000000000000000000000000000000000000000000000000000000000000000000000000000000000000000000000000000000000000000000000000000000000000000000000000000000000000000000000000000000000000000000000000000000000000000000000000000000000000000000000000000000000000000000000000
000000000000000000000000000000000000000000000000000000000000000000000000000000000000000000000000000000000000000000000000000000000000000000000000000000000000000000000000000000000000000000000000000000000000000000000000000000000000000000000000000000000000000000000000000000000000000000000000000000000000
000000000000000000000000000000000000000000000000000000000000000000000000000000000000000000000000000000000000000000000000000000000000000000000000000000000000000000000000000000000000000000000000000000000000000000000000000000000000000000000000000000000000000000000000000000000000000000000000000000000000
000000000000000000000000000000000000000000000000000000000000000000000000000000000000000000000000000000000000000000000000000000000000000000000000000000000000000000000000000000000000000000000000000000000000000000000000000000000000000000000000000000000000000000000000000000000000000000000000000000000000
000000000000000000000000000000000000000000000000000000000000000000000000000000000000000000000000000000000000000000000000000000000000000000000000000000000000000000000000000000000000000000000000000000000000000000000000000000000000000000000000000000000000000000000000000000000000000000000000000000000000
000000000000000000000000000000000000000000000000000000000000000000000000000000000000000000000000000000000000000000000000000000000000000000000000000000000000000000000000000000000000000000000000000000000000000000000000000000000000000000000000000000000000000000000000000000000000000000000000000000000000
000000000000000000000000000000000000000000000000000000000000000000000000000000000000000000000000000000000000000000000000000000000000000000000000000000000000000000000000000000000000000000000000000000000000000000000000000000000000000000000000000000000000000000000000000000000000000000000000000000000000
000000000000000000000000000000000000000000000000000000000000000000000000000000000000000000000000000000000000000000000000000000000000000000000000000000000000000000000000000000000000000000000000000000000000000000000000000000000000000000000000000000000000000000000000000000000000000000000000000000000000
000000000000000000000000000000000000000000000000000000000000000000000000000000000000000000000000000000000000000000000000000000000000000000000000000000000000000000000000000000000000000000000000000000000000000000000000000000000000000000000000000000000000000000000000000000000000000000000000000000000000
000000000000000000000000000000000000000000000000000000000000000000000000000000000000000000000000000000000000000000000000000000000000000000000000000000000000000000000000000000000000000000000000000000000000000000000000000000000000000000000000000000000000000000000000000000000000000000000000000000000000
000000000000000000000000000000000000000000000000000000000000000000000000000000000000000000000000000000000000000000000000000000000000000000000000000000000000000000000000000000000000000000000000000000000000000000000000000000000000000000000000000000000000000000000000000000000000000000000000000000000000
000000000000000000000000000000000000000000000000000000000000000000000000000000000000000000000000000000000000000000000000000000000000000000000000000000000000000000000000000000000000000000000000000000000000000000000000000000000000000000000000000000000000000000000000000000000000000000000000000000000000
000000000000000000000000000000000000000000000000000000000000000000000000000000000000000000000000000000000000000000000000000000000000000000000000000000000000000000000000000000000000000000000000000000000000000000000000000000000000000000000000000000000000000000000000000000000000000000000000000000000000
000000000000000000000000000000000000000000000000000000000000000000000000000000000000000000000000000000000000000000000000000000000000000000000000000000000000000000000000000000000000000000000000000000000000000000000000000000000000000000000000000000000000000000000000000000000000000000000000000000000000
000000000000000000000000000000000000000000000000000000000000000000000000000000000000000000000000000000000000000000000000000000000000000000000000000000000000000000000000000000000000000000000000000000000000000000000000000000000000000000000000000000000000000000000000000000000000000000000000000000000000
000000000000000000000000000000000000000000000000000000000000000000000000000000000000000000000000000000000000000000000000000000000000000000000000000000000000000000000000000000000000000000000000000000000000000000000000000000000000000000000000000000000000000000000000000000000000000000000000000000000000
000000000000000000000000000000000000000000000000000000000000000000000000000000000000000000000000000000000000000000000000000000000000000000000000000000000000000000000000000000000000000000000000000000000000000000000000000000000000000000000000000000000000000000000000000000000000000000000000000000000000
000000000000000000000000000000000000000000000000000000000000000000000000000000000000000000000000000000000000000000000000000000000000000000000000000000000000000000000000000000000000000000000000000000000000000000000000000000000000000000000000000000000000000000000000000000000000000000000000000000000000
000000000000000000000000000000000000000000000000000000000000000000000000000000000000000000000000000000000000000000000000000000000000000000000000000000000000000000000000000000000000000000000000000000000000000000000000000000000000000000000000000000000000000000000000000000000000000000000000000000000000
000000000000000000000000000000000000000000000000000000000000000000000000000000000000000000000000000000000000000000000000000000000000000000000000000000000000000000000000000000000000000000000000000000000000000000000000000000000000000000000000000000000000000000000000000000000000000000000000000000000000
000000000000000000000000000000000000000000000000000000000000000000000000000000000000000000000000000000000000000000000000000000000000000000000000000000000000000000000000000000000000000000000000000000000000000000000000000000000000000000000000000000000000000000000000000000000000000000000000000000000000
000000000000000000000000000000000000000000000000000000000000000000000000000000000000000000000000000000000000000000000000000000000000000000000000000000000000000000000000000000000000000000000000000000000000000000000000000000000000000000000000000000000000000000000000000000000000000000000000000000000000
000000000000000000000000000000000000000000000000000000000000000000000000000000000000000000000000000000000000000000000000000000000000000000000000000000000000000000000000000000000000000000000000000000000000000000000000000000000000000000000000000000000000000000000000000000000000000000000000000000000000
000000000000000000000000000000000000000000000000000000000000000000000000000000000000000000000000000000000000000000000000000000000000000000000000000000000000000000000000000000000000000000000000000000000000000000000000000000000000000000000000000000000000000000000000000000000000000000000000000000000000
000000000000000000000000000000000000000000000000000000000000000000000000000000000000000000000000000000000000000000000000000000000000000000000000000000000000000000000000000000000000000000000000000000000000000000000000000000000000000000000000000000000000000000000000000000000000000000000000000000000000
000000000000000000000000000000000000000000000000000000000000000000000000000000000000000000000000000000000000000000000000000000000000000000000000000000000000000000000000000000000000000000000000000000000000000000000000000000000000000000000000000000000000000000000000000000000000000000000000000000000000
000000000000000000000000000000000000000000000000000000000000000000000000000000000000000000000000000000000000000000000000000000000000000000000000000000000000000000000000000000000000000000000000000000000000000000000000000000000000000000000000000000000000000000000000000000000000000000000000000000000000
000000000000000000000000000000000000000000000000000000000000000000000000000000000000000000000000000000000000000000000000000000000000000000000000000000000000000000000000000000000000000000000000000000000000000000000000000000000000000000000000000000000000000000000000000000000000000000000000000000000000
